[0.18318320512771608, -1.0, 0.41305304, 0.4406407, -1.0, 0.45093098, 0.41149148, -0.4205805897712708, 0.45565566, -1.0, 0.44884887, 0.44916916, -1.0, 0.4438439, 0.4605806, 0.42642643451690676, 0.44364366, -1.0, 0.4442843, 
0.44888887, -0.4256255984306335, 0.44296297, -1.0, 0.43755755, 0.4332332, 0.40808812, -1.0, 0.43859863, 0.4534935, -1.0, 0.45873874, 0.46110114, -1.0, 0.45493492, 0.43947944, -1.0, 0.44052052, 0.44544545, -1.0, 0.4482883, 
0.43259257, -1.0, 0.44496495, 0.43783784, -0.4647447466850281, 0.454014, -1.0, 0.45605606, 0.44008008, 0.45685682, -1.0, 0.40664664, 0.42882887, -1.0, 0.46490493, 0.4367167, -1.0, 0.45225224, 0.40812817, -1.0, 0.44572574, 
0.46290293, -1.0, 0.52732736,0.4558559, -1.0, 0.52944946, 0.45261258, -1.0, 0.55315316, 0.40892896, -1.0, 0.5452653, 0.45173177, -1.0, 0.5503103, 0.45853853, -1.0, 0.5467468, 0.40156156, -1.0, 0.5426626, 0.45273274, -1.0, 
0.5474275, 0.46758756, -1.0, 0.4784785, 0.44848847, -1.0, 0.5376576, 0.45049053, -1.0, 0.5467468, 0.46074072, -1.0, 0.4794795, 0.45205206, -1.0, 0.4814415, 0.4516116, -1.0, 0.5272072, 0.44908914, -1.0, 0.5253654, 0.4605406, 
-1.0, 0.4910911, 0.45097098, -1.0, 0.54382384, 0.39899898,-1.0, 0.5513914, 0.4576176, -1.0, 0.47763768, 0.4064865, -1.0, 0.5521121, 0.45397395, -1.0, 0.5475075, 0.45181185, -1.0, 0.47083086, 0.45717716, -1.0, 0.5521522, 
0.4472072, -1.0, 0.48236236, 0.4578979, -1.0, 0.5487488, 0.45317322, -1.0, 0.4762763, 0.47423428, -1.0, 0.4892493, 0.46750754, -1.0, 0.48284286, 0.45293292, -1.0, 0.54446447, 0.476036, -1.0, 0.4839239, 0.4738739, -1.0, 
0.47647652, 0.48016018, -1.0, 0.4907307, 0.47347346, -1.0, 0.47919923, 0.44120115, -1.0, 0.4754754, 0.4174975, -1.0, 0.54258263, 0.46698698, -1.0, 0.53089094, 0.46718723, -1.0, 0.47391397, 0.47315317, -1.0, 0.48840842, 
0.48052055, -1.0, 0.4743944, 0.44972974, -1.0, 0.53677684, 0.4705906, -1.0, 0.48484486, 0.4458859, -1.0, 0.53365374, 0.45497498, -1.0, 0.48888892, 0.46766767, -1.0, 0.47779784, 0.4621822, -1.0, 0.49133134, 0.46194196, 
-1.0, 0.5503103, 0.458018, -1.0, 0.47559562, 0.46646652, -1.0, 0.49373373, 0.4710311, -1.0, 0.48716718, 0.46686688, -1.0, 0.48608613,0.46814814, -1.0, 0.49945945, 0.45925927, -1.0, 0.49793798, 0.47151154, -1.0, 
0.48904905, 0.46826825, -1.0, 0.49109116, 0.4666667, -1.0, 0.48684683, 0.47939938, -1.0, 0.49025026, 0.47267264, -1.0, 0.49053055, 0.46066064, -1.0, 0.48692694, 0.47595596, -1.0, 0.4986987, 0.4699099, -1.0, 0.49417418, 
0.47451454, -1.0, 0.4973374, 0.4681081, -1.0, 0.5001802, 0.47555557, -1.0, 0.4854454, 0.46330333, -1.0, 0.47399402, 0.47167167, -1.0, 0.4893694, 0.46910906, -1.0, 0.48836836, 0.4538539, -1.0, 0.48992997, 0.46958962, -1.0, 
0.48492494, 0.47507507, -1.0, 0.48932934, 0.48136133, -1.0, 0.49685687, 0.4621822, -1.0, 0.48768768, 0.47883886, -1.0, 0.49169174, 0.46642646, -1.0, 0.49381384, 0.47771773, -1.0, 0.4873674, 0.47535533, -1.0, 0.48712716, 
0.4727127, -1.0, 0.49481487, 0.45733738, -1.0, 0.48876876, 0.46850848, -1.0, 0.48392397, 0.4723123, -1.0, 0.49153155, 0.4596196, -1.0, 0.50434434, 0.47527528, -1.0, 0.48316318, 0.4706707, -1.0, 0.48796797, 0.43971974, 
-1.0, 0.48596603, 0.47995996, -1.0, 0.4843243, 0.45981985, -1.0, 0.54266274, 0.46802807, -1.0, 0.46682683, 0.45397395, -1.0, 0.48608607, 0.47455454, -1.0, 0.49237236, 0.47207206, -1.0, 0.49009007, 0.46366364, -1.0, 
0.4917718, 0.47775778, -1.0, 0.49413413, 0.47559556, -1.0, 0.48564568, 0.4788789, -1.0, 0.4953354, 0.45441443, -1.0, 0.49445447, 0.44256258, -1.0, 0.5603604, 0.46898898, -1.0, 0.49049053, 0.44744745, -1.0, 
0.48768768, 0.47563562, -1.0, 0.4802803, 0.46542543, -1.0, 0.4727528, 0.4622222, -1.0, 0.48376378, 0.46374375, -1.0, 0.5603604, 0.46802807, -1.0, 0.49189192, 0.46718717, -1.0, 0.49821824, 0.45389384, -1.0, 
0.5001802, 0.45185184, -1.0, 0.4844845, 0.46006006, -1.0, 0.48312312, 0.46510515,-1.0, 0.48704705, 0.47087088, -1.0, 0.4883283, 0.46274275, -1.0, 0.53781784, 0.45745745, -1.0, 0.48168173, 0.45333338, -1.0, 
0.4833234, 0.455976, -1.0, 0.5534735, 0.4527728, -1.0, 0.4870471, 0.44460464, -1.0, 0.54106104, 0.45921922, -1.0, 0.4787588, 0.44516516, -1.0, 0.50618625, 0.44280282, -1.0, 0.56048054, 0.4374775, -1.0, 
0.48784786, 0.42482486, -1.0, 0.56272274, 0.45969972, -1.0, 0.48800802, 0.45273274, -1.0, 0.48324323, 0.44684687, -1.0, 0.5705706, 0.43647647, -1.0,
0.48808813, 0.45313317, -1.0, 0.4950951, 0.4546947, -1.0, 0.56000006, 0.45297304, -1.0, 0.47535545, 0.45181185, -1.0, 0.4850851, 0.44788796, -1.0, 0.5715316, 0.4560961, -1.0, 
0.47883886, 0.43315315, -1.0, 0.53817815, 0.4436036, -1.0, 0.48652658, 0.44076076, -1.0, 0.5605605, 0.45325327, -1.0, 0.48636636, 0.4363163, -1.0, 0.5595196, 0.4518919, -1.0, 0.4798399, 0.45645648, -1.0, 
0.47695693, 0.453974, -1.0, 0.5503904, 0.39747754, -1.0, 0.56204206, 0.45861858, -1.0, 0.49553555, 0.4435636, -1.0, 0.4825225, 0.45633635, -1.0, 0.5538739, 0.45753756, -1.0, 0.45565566, 0.42134136, -1.0, 
0.55203205, 0.4552552, -1.0, 0.5528328, 0.42934936, -1.0, 0.47687688, 0.43451452, -1.0, 0.5546747, 0.46174178, -1.0, 0.4743143, 0.44952956, -1.0, 0.55879885, 0.4514915, -1.0, 0.4583784, 0.44280282, -1.0, 
0.5681681, 0.4482483, -1.0, 0.48216218, 0.44396394, -1.0, 0.56108105, 0.4463664, -1.0, 0.4785986, 0.4495696, -1.0, 0.5554755, 0.45273274, -1.0, 0.48056054, 0.43839842, -1.0, 0.5584384, 0.45481482, -1.0, 
0.47487488, 0.4510911, -1.0, 0.46130133, 0.45721722, -1.0, 0.560961, 0.44632632, -1.0, 0.4614214, 0.45353356, -1.0, 0.5514315, 0.46138138, -1.0, 0.47719717, 0.45041037, -1.0, 0.55423415, 0.42566568, 
0.47075072, 0.43643647, -1.0, 0.56004006, 0.43731737, -1.0, 0.5638038, 0.41169173, 0.5416616, 0.44128126, 0.4746747, 0.36952955, -1.0, 0.5524725, 0.45133132, 0.55191195, 0.4476877, -1.0, 
0.5513114, 0.44916916, -1.0, 0.47979984, 0.44372377, -1.0, 0.5606407, 0.43099102, -1.0, 0.54999006, 0.41857857, 0.53145146, 0.39779776, -1.0, 0.55459464, 0.41517514, -1.0, 0.5460261, 0.40456456, -1.0,
 0.5558759, 0.41589588, -1.0, 0.55423427, 0.4271071, -1.0, 0.54498506, 0.4223023, -1.0, 0.55115116, 0.42426425, 0.53789794, 0.42606607, 0.5533134, 0.4184184, -1.0, 0.5383784, 0.40988988, -1.0,
 0.53925925, 0.431992, -1.0, 0.5533533, 0.4263464, 0.463023, 0.41813818, 0.5436236, 0.4363564, -1.0, 0.54282284, 0.40768772, 0.54990995, 0.42694697, -1.0, 0.5461462, 0.43019024,
0.5471071, 0.42138138, 0.54506505, 0.39131132, 0.5521121, 0.41525525, 0.54838836, 0.41601604, -1.0, 0.54410416,
0.4128529, -1.0, 0.53525525, 0.40752754, 0.53681684, 0.43611613, 0.54618615, 0.42278275, -1.0, 0.53589594, 0.41998, -1.0, 0.54294294, 0.40944943, 0.5277678, 0.43859863, -1.0, 
0.5437037, 0.43395394, -1.0, 0.5401802, 0.37185186, 0.5435436, 0.43795794, -1.0, 0.54298294, 0.42394394, -1.0, 0.53769773, 0.42302305, 0.531972, 0.4351952, -1.0, 0.54326326, 0.4191792, -1.0, 0.5443844, 
0.43467468, -1.0, 0.54486483, 0.4322322, 0.5429029, 0.43235236, -1.0, 0.528008, 0.41257253, -1.0, 0.53497505, 0.43463463, 0.5355756, 0.4293093, 0.5363363, 0.4067668, -1.0, 0.53637636, 0.4183784, 
-1.0, 0.5377778, 0.42138138, -1.0, 0.53169173, 0.42626625, -1.0, 0.5278479, 0.4275876, 0.5326527, 0.41337338, -1.0, 0.53001004, 0.41809812, -1.0, 0.52704704, 0.41805807, 0.5305306, 0.43591595, -1.0, 
0.533934, 0.41925925, 0.53789794, 0.41501498, -1.0, 0.5216417, 0.418979, -1.0, 0.53633636, 0.42226228, -1.0, 0.5362162, 0.42718726, -1.0, 0.53969973, 0.41301304, -1.0, 0.54158163, 0.40092093, -1.0, 0.5427828, 
0.41965967, -1.0, 0.54070073, 0.40852857, 0.37741742, -1.0, 0.43215212, 0.4106907, -1.0, 0.51643646, 0.40948948, -1.0, 0.52388394, 0.4122923, 0.51959956, 0.4146947, -1.0, 0.52036035, 0.42262262, -1.0, 
0.52144146, 0.4162963, -1.0, 0.51711714, 0.4061261, 0.525926, 0.4210611, 0.51663667, 0.4194595, -1.0, 0.53325325, 0.42394394, -1.0, 0.53493494, 0.4148148, 0.5270871, 0.4187788, -1.0, 0.52452457, 
0.41989994, 0.3955956, 0.41749755, 0.3981982, 0.5087888, 0.39899904, -1.0, 0.50594604, 0.40532532, -1.0, 0.50866866, 0.4110911, -1.0, 0.5119519, 0.38922924, 0.51211214, 0.39355356, 0.39019018, 
-1.0, 0.42646652, 0.4091292, 0.51651657, 0.40548548, 0.5056256, 0.3848248, 0.5112313, 0.4041241, 0.5087487, 0.4166967, -1.0, 0.5025426, 0.3915916, 0.51035035, 0.40836835, 0.36888888,
 -1.0, 0.42134133, 0.40588588, -1.0, 0.4905706, 0.40968966, -1.0, 0.4926527, 0.39763764, -1.0, 0.50324, 0.515235, 0.49625, 0.52452, 0.545235, 0.546234, 0.5483221, 0.5532452, -1.0, 0.559423, 0.5552323, 0.5593242,
0.5624242, 0.5683245, 0.486232, 0.5252354, 0.574423, 0.6000123, 0.58324, 0.549832, 0.5962352, 0.572356, 0.485235, 0.5942325, 0.4982324, 0.597423, 0.604235, -1.0,  0.546234, 0.5483221, 0.5532452, 0.593245, 
0.615235, 0.5932562, 0.60042398, 0.609432, 0.615234, 0.6183255, 0.59325, 0.604235, -1.0,  0.546234, 0.5483221, 0.5532452, 0.593245, 0.615235, 0.5932562, 0.60042398, 0.626523, 0.515243, 0.592352, 0.593245, 
0.615235, 0.5932562, 0.60042398, 0.609432, 0.615234, -1.0, 0.58328, 0.59235212, 0.6142923, 0.612942, 0.6192352, 0.593244, 0.629843, 0.5832452, 0.612952, 0.52354, 0.607723, 0.574423, 0.6000123, 0.58324, 0.60842, 
0.598723, 0.599832, 0.60000, 0.618325, 0.62984, 0.6387723, 0.598323, -1.0, 0.625342, 0.62365, 0.618323, 0.608323, 0.4552456, 0.574423, 0.6000123, 0.58324, 0.60842, 
0.598723, 0.625823, 0.62842, 0.639812, 0.60823, 0.57428, 0.618732, 0.618742, 0.628731, 0.6292354, 0.6399923, 0.60123, 0.5987732, 0.582732, 0.609832, 0.61284, 0.499623, 0.618732, 0.5528732, 0.5395723, 0.5697732, 
0.63562, 0.612354, 0.6399782, 0.638723, 0.54898723, 0.5967323, 0.6292354, 0.6399923, 0.60123, 0.60042398, 0.609432, 0.615234, 0.523523, 0.5623244, 0.48523, 0.55234, 0.5932452, 0.6384235, 0.6387232, 0.6298732,
0.578923, 0.61098832, 0.6387623, 0.649210, 0.627639, 0.6309872, 0.61898723, 0.618723, 0.658732, 0.6187632, 0.598732, 0.5389732, 0.5497823, 0.58325, 0.6424423, 0.6498823, 0.623827, 0.615232, -1.0,
0.628731, 0.6292354, 0.6399923, 0.60123, 0.5987732, 0.582732, 0.623523, 0.592352, 0.61423254, 0.5832452, 0.612952, 0.52354, 0.607723, 0.63523, 0.626235, 0.6402321, 0.616232325, 0.594235, 0.542523, 0.6235123,
0.4352325, 0.462362, 0.65235232, 0.6423562, 0.623503, 0.6034252, 0.5352325, 0.6125235, 0.619482, 0.592359, 0.6492352, 0.622521, 0.583252, 0.6502328, -1.0, 0.55232, 0.59325, 0.629923, 0.642362, 0.649282, 0.648772, 
0.635233, 0.652328, 0.6235321, 0.618732, 0.618742, 0.628731, 0.6292354, 0.6399923, 0.60123, 0.512523, 0.6398234, 0.6523093, 0.6128823, 0.659823, 0.612352, 0.5325233, 0.583232, 0.60242, 0.629823, 0.628834, 0.6488723,
0.60042398, 0.626523, 0.515243, 0.592352, 0.593245, 0.615235, 0.5932562, 0.64236233, 0.68632, 0.628872, 0.632341, 0.574232, 0.552323, 0.5823232, 0.6032324, 0.652323, 0.6583232, 0.624232, 0.642323, 0.6498832, 0.593232, 
0.64123, 0.652321, 0.65288, 0.61878732, 0.5523242, 0.54421, 0.46232132, 0.48321, 0.512524, 0.623123, -1.0, 0.618232, 0.6523282, 0.662328, 0.6698232, 0.648723, 0.63772, 0.617323, 0.57323, 0.628732, 0.59424, 0.52323, 0.623123,
0.598232, 0.6288732, 0.628772, 0.628932, 0.6134242, 0.6558232, 0.582323, 0.65232321, 0.6239321, 0.6623212, 0.628872, 0.632341, 0.618732, 0.618742, 0.628731, 0.629843, 0.5832452, 0.612952, 0.6292354, 0.6399923, 0.60123,
0.639812, 0.60823, 0.66329, 0.6623566, 0.6252431, 0.669832, 0.652321, 0.659832, 0.623521, 0.6312345, 0.6572341, 0.662315, 0.662122, 0.639932, 0.582314, 0.5521323, 0.61235421, 0.6243541, 0.6253212, 0.62511, 0.632123,
0.618732, 0.618742, 0.628731, 0.6292354, 0.6399923, 0.60123, 0.6134242, 0.6558232, 0.626235, 0.6402321, 0.616232325,  0.6125235, 0.619482, 0.592359, 0.6492352, 0.5987732, 0.582732, 0.609832, 0.61284, 
0.628872, 0.632341, 0.618732, 0.618742, 0.628731, 0.629843, 0.625823, 0.62842, 0.639812, 0.60823, 0.57428, 0.6125235, 0.619482, 0.63772, 0.617323, 0.57323, 0.628732, 0.59424, 0.5523, 0.59321, 0.527832, 0.610232, 0.5924323,
-1.0, 0.6312345, 0.6572341, 0.6623281, 0.6623132, 0.652328, 0.6235321, 0.618732, 0.618742, 0.628731, 0.6292354, 0.6399923, 0.60123, 0.512523, 0.6398234, 0.6312345, 0.6572341, 0.662315, 0.662122, 0.639932,
0.635233, 0.652328, 0.6235321, 0.618732, 0.618742, 0.628731, 0.612952, 0.6292354, 0.6399923, 0.60123, 0.65235232, 0.6423562, 0.623503, 0.6034252, 0.6235321, 0.618732, 0.618742, 0.628731, 0.6292354, 0.615234, 0.6183255, 
0.59325, 0.604235, -1.0, 0.6387623, 0.649210, 0.627639, 0.6309872, 0.61898723, 0.618723, 0.658732, 0.6187632, 0.651234, 0.64213125, 0.6123512312, 0.642314, 0.651231, 0.659231, 0.6521234, 0.6529123, 0.6192321,
0.52123154, 0.66123151, 0.65123124, 0.6421312342, 0.66232134, 0.623123, 0.62134, 0.661829, 0.6692328, 0.6715122313, 0.6521315, 0.6669213, 0.685129312, 0.6882321, 0.59231312, 0.6123154, 0.68512312, 0.624512, 0.6823121,
0.61098832, 0.6387623, 0.649210, 0.627639, 0.6309872, 0.61898723, 0.618723, 0.61098832, 0.6387623, 0.649210, 0.627639, 0.6309872, 0.61898723, 0.618723, 0.658732, 0.6232521, 0.5123155, 0.58123, 0.628542, 0.64213512,
0.6521351, 0.6523232, 0.660012, 0.669231, 0.61239213, 0.65124154, 0.58421451, 0.512524, 0.623123, -1.0, 0.618232, 0.6523282, 0.662328, 0.6698232, 0.648723, 0.63772, 0.617323, 0.62351231, 0.64823132, 0.64123128, 0.678421,
0.61542143, 0.623589, 0.551231, 0.623521, 0.6798232, 0.65181231, 0.651283, 0.6612343, 0.662134281, 0.551235, 0.626235, 0.6402321, 0.616232325,  0.6125235, 0.619482,  0.607723, 0.63523, 0.626235, 0.6402321, 
0.616232325, 0.594235, 0.542523, 0.6034252, 0.5352325, 0.6125235, 0.619482, 0.592359, 0.6387623, 0.649210, 0.627639, 0.6309872, 0.61898723, 0.648723, 0.63772, 0.617323, 0.62351231, 0.6312345, 0.6572341,
0.628872, 0.632341, 0.618732, 0.618742, 0.628731, 0.629843, 0.5832452, 0.612952, 0.6292354, 0.6399923, 0.60123, 0.639812, 0.60823, 0.583232, 0.60242, 0.629823, 0.628834, -1.0, 0.618232, 0.6523282, 0.662328,
0.6387623, 0.649210, 0.627639, 0.6309872, 0.61898723, 0.618723, 0.65232512, 0.662135123, 0.65231412, 0.6132523, 0.6081231, 0.6421354, 0.682314212, 0.64213121]




